Zodis                    Pasikartojimu sk.        Eilutes
----------------------------------------------------------------------------------------------------
According                4                        76 142 154 184 
Achalov                  2                        34 103 
Affairs                  2                        99 99 
Aftermath                3                        62 156 157 
Airborne                 5                        26 26 72 120 120 
Albertas                 2                        30 92 
Alexander                2                        199 200 
Alpha                    3                        25 84 192 
Alvydas                  4                        125 141 146 175 
Alytus                   2                        49 96 
American                 5                        51 61 153 154 154 
An                       2                        110 134 
Andrew                   3                        33 51 154 
April                    2                        74 154 
As                       2                        49 179 
Austria                  3                        186 186 187 
BMPs                     4                        116 118 119 123 
Background               2                        55 68 
Baltic                   2                        69 70 
Barricades               2                        6 7 
Belarus                  2                        184 184 
Bloc                     2                        40 41 
Burokevičius            2                        35 182 
CIA                      2                        154 154 
Cemetery                 2                        151 151 
Central                  3                        98 109 182 
Committee                8                        27 98 98 103 109 110 119 182 
Communist                5                        72 82 98 109 182 
Council                  11                       82 82 86 92 103 103 110 123 123 123 159 
Court                    3                        182 190 194 
December                 2                        154 154 
Defence                  3                        94 96 97 
Defense                  3                        103 163 192 
Department               3                        94 96 97 
Despite                  2                        82 123 
Died                     4                        136 143 144 149 
Division                 5                        26 26 84 98 120 
Dmitry                   2                        163 192 
During                   6                        72 76 82 103 165 171 
Eiva                     3                        33 51 154 
Events                   4                        1 9 49 196 
February                 2                        171 173 
Federation               3                        177 188 196 
Following                2                        123 159 
Foreign                  3                        99 99 171 
Friday                   2                        57 91 
From                     3                        3 84 179 
General                  4                        103 154 184 184 
Gerbutavičius           2                        138 148 
Golovatov                3                        179 186 192 
Gorbachev                10                       33 80 86 86 103 161 163 163 188 194 
Gorbachev's              2                        92 194 
Group                    3                        25 84 150 
Guards                   2                        84 120 
He                       11                       80 86 139 140 141 142 143 147 150 154 186 
House                    2                        95 142 
Iceland                  2                        171 171 
In                       11                       74 78 92 98 134 154 154 182 182 186 186 
January                  36                       1 6 8 9 12 13 14 49 49 51 57 58 59 74 80 84 86 91 92 93 102 111 113 125 134 142 142 168 169 169 171 184 186 188 190 196 
Jermalavičius           3                        98 118 182 
Juknevičius             3                        140 151 175 
Juozas                   4                        98 118 147 182 
KGB                      4                        25 39 150 154 
Kanapinskas              2                        141 175 
Kaunas                   13                       49 50 108 120 120 120 120 120 137 140 145 151 175 
Koncevičius             3                        143 175 176 
Kėdainiai               3                        141 175 175 
Landsbergis              7                        29 80 82 92 103 154 154 
Later                    2                        199 200 
Legacy                   2                        64 198 
Legal                    2                        63 181 
List                     2                        60 127 
Lithuania                42                       1 16 19 20 29 30 31 32 49 49 70 72 82 84 86 92 98 98 99 103 103 109 110 113 114 120 154 154 154 159 159 171 171 171 173 174 182 184 184 184 186 186 
Lithuanian               20                       10 13 17 21 27 27 35 49 72 74 84 86 98 105 125 150 163 182 188 196 
Lithuanians              5                        51 52 53 118 134 
Location                 2                        15 15 
Marijampolė             3                        140 151 175 
Masiulis                 2                        145 151 
Medininkai               2                        182 182 
Mikhail                  9                        33 80 103 179 186 188 192 194 194 
Minister                 8                        80 92 99 103 163 163 171 192 
Mykolas                  2                        35 182 
Nashi                    6                        199 199 199 200 200 200 
National                 7                        27 94 96 97 98 110 150 
Nevzorov                 2                        199 200 
OMON                     2                        105 182 
Office                   3                        150 184 184 
On                       6                        80 82 86 142 182 194 
One                      2                        108 118 
Order                    2                        134 150 
Party                    6                        72 72 82 98 109 182 
Pazdrazdis               2                        125 126 
People                   2                        103 123 
Poland                   2                        51 159 
Police                   2                        105 106 
Povilaitis               2                        147 194 
President                4                        80 161 163 169 
Press                    2                        95 142 
Prime                    2                        80 92 
Prosecutor               2                        184 184 
Prunskienė              2                        80 80 
Pugo                     2                        163 163 
Radio                    3                        103 119 150 
Regional                 2                        190 194 
Republic                 5                        27 35 72 171 171 
Rimantas                 3                        140 151 175 
Russia                   4                        184 186 199 200 
Russian                  9                        26 139 177 188 196 199 199 200 200 
Russophone               2                        74 78 
SSR                      6                        27 84 98 105 182 182 
Salvation                3                        27 98 110 
Saturday                 2                        58 102 
Sausio                   3                        4 10 49 
Seimas                   3                        113 115 122 
Shatskikh                3                        118 150 179 
Socialist                2                        27 35 
Soldiers                 3                        95 118 119 
Soviet                   60                       11 13 17 22 24 27 33 34 35 49 70 72 72 74 76 76 78 80 84 84 94 95 96 97 99 99 100 101 103 105 106 107 108 109 118 119 120 120 120 120 123 134 134 142 159 159 159 161 169 169 177 182 182 182 184 188 192 192 199 200 
Speaker                  2                        92 103 
States                   4                        33 154 154 161 
Sunday                   3                        59 111 125 
Supreme                  11                       82 82 86 92 103 103 110 123 123 123 159 
TV                       13                       90 100 103 116 117 118 120 120 131 131 133 175 179 
Tallinn                  3                        165 166 167 
Tanks                    2                        118 118 
Technology               2                        137 140 
Television               3                        103 119 150 
The                      25                       6 49 49 51 70 72 74 74 84 118 119 119 120 120 120 125 131 131 159 161 177 179 188 199 200 
This                     5                        8 70 117 120 169 
Timeline                 2                        56 88 
Titas                    3                        145 151 175 
USSR                     2                        86 154 
Union                    19                       11 21 22 23 33 34 70 72 74 78 80 84 85 99 103 159 159 169 188 
United                   5                        33 154 154 159 161 
University               2                        137 140 
Uskhopchik               3                        184 192 193 
VDV                      2                        72 84 
Varėna                  2                        49 107 
Viktor                   2                        118 150 
Vilnius                  22                       12 49 76 90 94 95 101 103 105 106 108 109 113 151 154 163 163 182 184 190 192 194 
Vladimir                 2                        184 192 
Vladislav                2                        34 103 
Vytautas                 7                        29 80 92 103 143 149 175 
Was                      3                        137 138 148 
Western                  2                        70 169 
Yazov                    3                        163 163 192 
Yedinstvo                2                        82 82 
about                    4                        99 120 143 161 
actions                  5                        49 49 159 169 190 
after                    11                       136 143 159 169 171 175 175 175 175 175 186 
against                  8                        95 142 159 161 182 190 190 196 
aggression               2                        159 182 
air                      2                        120 120 
all                      8                        86 103 103 120 134 163 177 178 
also                     4                        65 154 154 154 
ammunition               4                        95 118 119 179 
an                       11                       74 103 110 120 139 147 154 159 169 186 194 
and                      92                       8 11 28 36 45 49 49 49 49 51 72 72 74 74 74 74 76 76 78 80 82 82 82 82 82 84 84 84 86 92 95 98 103 103 103 108 109 110 116 116 117 118 118 118 118 118 119 119 119 120 120 120 123 123 123 123 125 134 138 144 147 150 154 154 154 159 159 159 161 163 163 163 169 169 169 169 171 171 173 175 179 179 179 182 182 184 184 186 192 196 199 200 
appeared                 3                        154 199 200 
are                      8                        95 108 108 118 119 125 173 196 
armed                    2                        78 86 
army                     7                        99 120 120 120 134 159 160 
around                   3                        82 118 123 
arrived                  6                        51 103 154 154 154 154 
article                  3                        8 8 69 
as                       13                       76 120 120 120 120 125 136 154 161 171 190 190 194 
asked                    2                        86 163 
at                       18                       76 84 110 134 137 138 140 141 142 147 149 161 161 177 179 179 182 186 
attack                   6                        38 107 118 134 146 175 
attacking                2                        123 124 
attacks                  6                        123 143 159 159 169 171 
awarded                  2                        134 150 
back                     2                        138 179 
barricades               3                        115 122 123 
base                     3                        105 109 116 
be                       9                        80 86 98 109 110 120 179 199 200 
became                   2                        136 154 
been                     4                        118 131 143 184 
being                    2                        186 196 
between                  5                        49 74 80 171 186 
broadcast                5                        119 120 120 120 120 
broadcasting             2                        120 120 
building                 14                       82 94 95 96 97 98 106 118 119 119 123 123 123 150 
buildings                5                        72 82 83 103 123 
bullet                   7                        95 142 144 147 149 150 150 
buried                   3                        151 151 151 
but                      8                        8 82 101 103 154 161 163 184 
by                       17                       8 70 70 82 82 92 118 118 134 134 139 142 142 150 150 154 171 
call                     3                        103 120 120 
called                   4                        82 163 199 200 
calling                  2                        120 159 
came                     2                        120 179 
case                     4                        184 196 196 197 
cemetery                 2                        151 152 
ceremony                 2                        129 158 
chauvinist               2                        199 200 
chest                    3                        137 145 149 
children                 2                        108 118 
citations                2                        8 8 
cities                   3                        17 49 165 
civilian                 5                        38 108 118 119 134 
civilians                5                        37 49 95 190 191 
column                   2                        109 116 
commander                3                        120 163 192 
commemorating            2                        199 200 
confused                 2                        199 200 
continued                2                        74 169 
could                    2                        86 120 
crimes                   2                        190 190 
crowds                   3                        118 119 123 
day                      5                        80 82 82 165 196 
days                     2                        76 86 
demanding                2                        86 92 
denied                   2                        154 184 
denounced                2                        159 161 
did                      2                        86 177 
died                     5                        38 134 146 147 150 
diplomatic               4                        99 171 171 186 
division                 2                        120 120 
due                      2                        38 134 
during                   3                        113 123 184 
economic                 2                        74 110 
encircle                 2                        103 118 
enforcement              2                        194 196 
established              2                        171 179 
ethnic                   2                        76 76 
events                   18                       6 12 49 51 56 88 89 109 113 125 163 168 173 182 188 194 199 200 
exchange                 2                        103 104 
extradite                2                        184 196 
face                     2                        139 144 
factory                  2                        136 141 
family                   2                        120 143 
famous                   2                        84 136 
fire                     8                        39 117 118 118 119 134 163 179 
first                    4                        142 159 163 164 
five                     2                        76 138 
following                2                        165 169 
footage                  2                        199 200 
for                      14                       74 80 86 109 120 125 136 154 154 159 169 182 184 196 
forces                   5                        17 78 82 123 169 
former                   4                        182 184 188 192 
friendly                 3                        39 118 134 
from                     26                       4 17 51 72 92 98 103 108 120 120 120 120 139 144 146 147 149 150 154 154 159 161 179 179 179 186 
front                    2                        13 82 
garrison                 2                        184 192 
gathered                 2                        118 123 
general                  3                        8 184 186 
given                    2                        120 179 
government               10                       74 76 98 118 154 159 159 161 169 171 
group                    3                        110 154 192 
had                      7                        76 103 154 159 163 163 179 
has                      2                        118 184 
have                     3                        131 179 190 
he                       8                        99 103 142 142 142 154 163 163 
head                     3                        98 148 154 
heart                    4                        38 134 146 147 
help                     2                        8 120 
her                      3                        80 80 136 
him                      2                        154 175 
his                      5                        99 143 150 151 161 
hit                      2                        139 142 
hospital                 2                        136 143 
hospitalized             2                        95 108 
humanity                 2                        190 196 
in                       92                       6 12 13 49 49 49 49 49 51 70 74 80 82 86 94 95 96 97 98 98 99 99 100 103 105 106 108 108 108 109 113 117 117 118 120 120 120 120 120 123 136 136 137 139 143 143 145 148 150 151 151 151 151 151 154 154 154 154 154 154 154 154 163 163 163 165 169 169 173 173 175 175 175 175 175 179 182 182 182 182 182 184 184 186 188 190 194 196 199 199 200 200 
including                3                        70 84 116 
independence             5                        72 82 123 173 173 
individuals              2                        110 190 
injured                  2                        39 49 
inside                   4                        123 123 131 150 
instead                  2                        123 161 
intelligence             2                        154 155 
into                     4                        118 119 123 194 
investigation            2                        184 194 
involvement              2                        61 153 
is                       8                        101 109 110 116 118 119 120 171 
it                       9                        8 8 98 110 119 171 179 199 200 
its                      6                        49 49 171 175 186 196 
journalist               3                        154 199 200 
killed                   7                        37 49 118 118 134 134 142 
killing                  2                        120 182 
killings                 2                        76 90 
languages                2                        120 120 
large                    2                        123 169 
later                    6                        72 101 125 175 199 200 
law                      2                        194 196 
laws                     2                        84 86 
leaders                  3                        28 161 162 
leaving                  3                        109 116 179 
live                     5                        95 118 119 119 120 
main                     5                        82 90 103 103 173 
many                     3                        117 120 165 
members                  2                        125 182 
memorial                 2                        131 133 
military                 24                       49 80 84 86 94 95 97 100 101 103 105 106 108 109 109 116 116 123 123 163 169 169 182 190 
more                     3                        8 80 123 
morning                  3                        92 120 123 
most                     2                        118 136 
movement                 5                        82 154 154 199 200 
moving                   2                        109 123 
national                 2                        125 163 
nations                  2                        171 172 
native                   5                        139 140 151 175 175 
near                     7                        107 131 133 142 158 175 182 
needed                   3                        84 117 120 
neighbourhood            2                        108 175 
news                     4                        120 120 120 159 
night                    2                        123 142 
no                       3                        120 163 169 
not                      9                        80 86 86 120 161 177 179 199 200 
of                       154                      8 11 11 11 13 21 27 42 49 49 49 49 49 49 56 60 69 72 72 72 74 74 78 80 82 82 82 84 84 84 84 86 86 86 88 90 92 92 96 97 98 98 98 98 98 98 99 99 99 101 103 103 103 103 105 105 105 108 109 109 109 109 110 110 116 117 117 118 118 118 119 119 120 120 120 123 123 123 123 123 125 125 127 129 134 134 137 140 140 148 150 150 151 154 154 154 154 154 154 154 154 159 159 159 159 159 159 159 161 163 165 168 169 169 169 171 171 171 171 173 173 173 173 173 173 175 175 179 179 179 179 179 182 182 182 182 182 184 184 184 184 184 184 184 188 188 188 190 192 192 194 194 196 196 
official                 2                        84 171 
on                       18                       72 72 80 92 98 108 118 120 120 134 142 163 169 171 171 173 188 190 
one                      4                        134 163 194 196 
only                     3                        98 136 184 
open                     2                        154 169 
organization             3                        74 199 200 
our                      2                        179 179 
outside                  2                        123 179 
over                     5                        103 110 119 120 179 
paratroopers             2                        84 96 
parliament               2                        82 163 
part                     2                        110 186 
participated             3                        182 199 200 
people                   7                        95 118 118 118 120 159 159 
period                   2                        72 184 
phone                    2                        120 120 
place                    2                        49 165 
platform                 2                        72 73 
political                2                        199 200 
population               3                        74 75 78 
possibility              2                        154 171 
possible                 3                        86 120 161 
powers                   2                        70 71 
price                    2                        76 82 
proceedings              2                        63 181 
prosecutors              2                        188 196 
protection               2                        78 163 
protested                2                        76 142 
protests                 2                        74 82 
raised                   2                        154 196 
reaction                 2                        161 169 
received                 3                        120 120 184 
recognized               2                        70 171 
recorded                 2                        199 200 
refused                  3                        80 163 188 
regional                 2                        96 97 
relations                2                        171 171 
reply                    2                        86 87 
request                  3                        80 92 184 
requested                2                        184 194 
resident                 2                        145 146 
responses                2                        184 185 
restored                 2                        74 101 
retranslators            2                        120 121 
said                     5                        163 163 163 163 171 
same                     3                        82 82 154 
saw                      2                        76 120 
school                   2                        138 148 
see                      2                        6 182 
seize                    8                        94 95 96 97 100 101 105 106 
sent                     2                        78 184 
sentenced                3                        182 182 182 
several                  8                        74 84 101 118 120 120 169 196 
she                      2                        136 136 
shortly                  2                        51 120 
shot                     10                       118 137 138 140 141 143 145 148 150 179 
small                    2                        120 120 
so                       2                        120 179 
soldier                  6                        39 119 134 134 150 182 
soldiers                 2                        107 118 
some                     5                        95 117 142 154 173 
sovereign                2                        159 171 
special                  4                        78 84 109 109 
spetsnaz                 2                        199 200 
spotted                  2                        109 116 
started                  3                        103 123 190 
state                    2                        74 171 
states                   2                        69 70 
station                  3                        101 108 120 
street                   4                        175 175 175 175 
strife                   2                        76 77 
student                  4                        137 138 139 148 
studio                   5                        120 120 120 120 120 
support                  2                        51 165 
supporters               3                        82 123 173 
surround                 2                        95 119 
take                     2                        110 120 
taken                    2                        80 81 
tank                     3                        13 136 142 
tanks                    6                        116 117 118 119 120 123 
television               3                        82 119 163 
th                       5                        26 26 84 120 168 
that                     24                       80 80 84 86 92 98 103 110 120 120 120 142 154 159 161 163 163 163 173 177 179 179 194 196 
the                      261                      3 6 11 27 42 49 49 49 49 49 51 51 69 70 72 72 72 72 72 72 74 74 74 76 76 76 76 78 78 80 80 80 82 82 82 82 82 82 82 82 84 84 84 84 84 84 86 86 86 86 90 92 92 92 94 95 96 96 97 97 98 98 98 98 98 98 98 98 99 99 101 101 103 103 103 103 103 103 103 105 105 106 108 109 109 109 110 110 113 116 116 117 117 117 118 118 118 118 118 119 119 119 119 119 120 120 120 120 120 120 120 120 120 120 120 120 120 120 120 123 123 123 123 123 123 123 125 125 125 129 131 131 131 133 133 134 134 134 134 134 134 136 136 137 139 142 142 142 143 143 144 145 147 148 149 150 150 150 151 151 151 154 154 154 154 154 154 154 154 154 154 154 154 154 158 159 159 159 159 159 159 159 159 159 159 159 159 159 159 161 161 161 161 161 163 163 163 163 165 168 168 169 169 169 169 169 169 171 171 171 171 171 171 173 173 173 175 175 175 177 179 179 179 179 179 179 179 179 179 179 182 182 182 182 182 182 184 184 184 184 184 184 184 186 186 188 188 188 188 188 192 194 194 196 196 196 196 199 199 200 200 
their                    3                        110 159 177 
them                     2                        118 173 
there                    2                        169 179 
these                    2                        123 154 
they                     5                        76 92 120 161 163 
this                     5                        8 8 84 120 196 
three                    3                        103 108 171 
through                  3                        118 150 154 
time                     2                        179 182 
times                    3                        74 103 138 
to                       77                       5 5 8 8 38 51 74 74 76 76 82 82 82 84 84 86 99 103 103 106 108 109 110 110 110 117 117 118 120 120 120 120 125 131 134 142 143 144 147 149 154 154 154 154 154 154 159 159 159 159 161 161 163 163 163 163 163 168 171 173 179 179 182 182 184 184 184 186 186 188 194 194 196 196 196 199 200 
took                     4                        49 103 165 186 
toward                   2                        116 119 
tower                    10                       90 116 117 118 131 131 132 133 175 179 
tried                    3                        82 103 163 
troops                   3                        86 142 177 
trucks                   2                        108 123 
try                      2                        106 120 
two                      5                        118 123 125 171 182 
unarmed                  2                        82 120 
under                    2                        136 179 
units                    10                       78 79 84 94 95 97 100 101 105 106 
up                       2                        123 123 
use                      3                        95 163 177 
using                    2                        82 120 
vehicles                 4                        109 116 179 180 
vicinity                 2                        117 123 
victim                   3                        136 136 142 
victims                  10                       60 127 128 129 130 131 134 151 175 194 
video                    2                        199 200 
war                      2                        110 190 
was                      35                       70 74 74 84 84 103 120 120 120 120 134 139 139 140 141 142 142 142 143 145 150 151 151 154 154 161 161 161 173 175 179 179 182 184 186 
we                       3                        179 179 179 
weapons                  2                        177 179 
were                     23                       49 49 49 70 82 84 92 123 125 134 134 151 154 161 163 163 169 171 175 179 179 182 184 
what                     2                        76 163 
when                     3                        8 142 186 
which                    3                        99 118 154 
who                      15                       51 110 120 125 145 146 154 154 154 182 184 186 196 199 200 
windows                  2                        117 179 
with                     23                       13 49 80 92 92 95 108 108 108 120 120 143 154 154 154 159 161 171 182 188 190 199 200 
witness                  2                        194 195 
worker                   2                        109 141 
workers                  3                        76 163 182 
world                    2                        120 159 
would                    4                        80 120 120 125 
wounded                  3                        142 150 179 
wounds                   4                        95 144 147 149 
youth                    2                        199 200 
įvykiai                 3                        4 10 49 
Šiauliai                2                        49 97 
Šimėnas                2                        30 92 
–                      36                       14 84 94 95 96 97 98 99 100 101 105 106 107 108 109 110 116 117 118 119 120 136 137 138 139 140 141 142 143 144 145 146 147 148 149 150 
